start=177.854250
pause=yes
volume=106.000000
