start=87.577833
volume=130.000000
