start=2.035367
volume=86.000000
sub-visibility=no
