start=69.083417
volume=106.000000
