start=207.680313
pause=yes
volume=102.000000
