start=408.941867
volume=108.000000
sub-visibility=no
