start=757.520000
volume=110.000000
