start=1.860000
volume=66.000000
mute=yes
